#
#
#
0.00000000e+00 -3.00000000e+01 5.00000000e+00 2.99000000e+02 0.00000000e+00 9.70000000e+04
1.08000000e+04 9.00000000e+01 2.50000000e+02 2.99000000e+02 0.00000000e+00 9.70000000e+04
2.16000000e+04 1.40000000e+02 4.50000000e+02 2.99000000e+02 0.00000000e+00 9.70000000e+04
3.24000000e+04 1.40000000e+02 5.00000000e+02 2.99000000e+02 0.00000000e+00 9.70000000e+04
4.32000000e+04 1.00000000e+02 4.20000000e+02 2.99000000e+02 0.00000000e+00 9.70000000e+04
5.22000000e+04 -1.00000000e+01 1.80000000e+02 2.99000000e+02 0.00000000e+00 9.70000000e+04


# 0.00000000e+00
0.00000000e+00 0.00000000e+00 -3.47222222e-05 2.22222222e-08
5.00000000e+01 0.00000000e+00 -3.47222222e-05 2.22222222e-08
1.50000000e+02 0.00000000e+00 -3.47222222e-05 2.22222222e-08
3.50000000e+02 0.00000000e+00 -3.47222222e-05 2.22222222e-08
6.50000000e+02 0.00000000e+00 -3.47222222e-05 2.22222222e-08
7.00000000e+02 0.00000000e+00 -3.47222222e-05 2.22222222e-08
1.00000000e+03 0.00000000e+00 -3.47222222e-05 2.22222222e-08
1.00010000e+03 0.00000000e+00 -3.47187500e-05 2.22200000e-08
1.30000000e+03 0.00000000e+00 -2.43055556e-05 1.55555556e-08
2.50000000e+03 0.00000000e+00 0.00000000e+00 0.00000000e+00
5.50000000e+03 0.00000000e+00 0.00000000e+00 0.00000000e+00


# 1.08000000e+04
0.00000000e+00 0.00000000e+00 0.00000000e+00 5.55555556e-09
5.00000000e+01 0.00000000e+00 0.00000000e+00 5.55555556e-09
1.50000000e+02 0.00000000e+00 0.00000000e+00 5.55555556e-09
3.50000000e+02 0.00000000e+00 0.00000000e+00 5.55555556e-09
6.50000000e+02 0.00000000e+00 0.00000000e+00 5.55555556e-09
7.00000000e+02 0.00000000e+00 0.00000000e+00 5.55555556e-09
1.00000000e+03 0.00000000e+00 0.00000000e+00 5.55555556e-09
1.00010000e+03 0.00000000e+00 0.00000000e+00 5.55500000e-09
1.30000000e+03 0.00000000e+00 0.00000000e+00 3.88888889e-09
2.50000000e+03 0.00000000e+00 0.00000000e+00 0.00000000e+00
5.50000000e+03 0.00000000e+00 0.00000000e+00 0.00000000e+00


# 2.16000000e+04
0.00000000e+00 0.00000000e+00 0.00000000e+00 -1.11111111e-08
5.00000000e+01 0.00000000e+00 0.00000000e+00 -1.11111111e-08
1.50000000e+02 0.00000000e+00 0.00000000e+00 -1.11111111e-08
3.50000000e+02 0.00000000e+00 0.00000000e+00 -1.11111111e-08
6.50000000e+02 0.00000000e+00 0.00000000e+00 -1.11111111e-08
7.00000000e+02 0.00000000e+00 0.00000000e+00 -1.11111111e-08
1.00000000e+03 0.00000000e+00 0.00000000e+00 -1.11111111e-08
1.00010000e+03 0.00000000e+00 0.00000000e+00 -1.11100000e-08
1.30000000e+03 0.00000000e+00 0.00000000e+00 -7.77777778e-09
2.50000000e+03 0.00000000e+00 0.00000000e+00 0.00000000e+00
5.50000000e+03 0.00000000e+00 0.00000000e+00 0.00000000e+00


# 3.24000000e+04
0.00000000e+00 0.00000000e+00 -2.22222222e-05 -2.77777778e-08
5.00000000e+01 0.00000000e+00 -2.22222222e-05 -2.77777778e-08
1.50000000e+02 0.00000000e+00 -2.22222222e-05 -2.77777778e-08
3.50000000e+02 0.00000000e+00 -2.22222222e-05 -2.77777778e-08
6.50000000e+02 0.00000000e+00 -2.22222222e-05 -2.77777778e-08
7.00000000e+02 0.00000000e+00 -2.22222222e-05 -2.77777778e-08
1.00000000e+03 0.00000000e+00 -2.22222222e-05 -2.77777778e-08
1.00010000e+03 0.00000000e+00 -2.22200000e-05 -2.77750000e-08
1.30000000e+03 0.00000000e+00 -1.55555556e-05 -1.94444444e-08
2.50000000e+03 0.00000000e+00 0.00000000e+00 0.00000000e+00
5.50000000e+03 0.00000000e+00 0.00000000e+00 0.00000000e+00


# 4.32000000e+04
0.00000000e+00 0.00000000e+00 -4.44444444e-05 -4.44444444e-08
5.00000000e+01 0.00000000e+00 -4.44444444e-05 -4.44444444e-08
1.50000000e+02 0.00000000e+00 -4.44444444e-05 -4.44444444e-08
3.50000000e+02 0.00000000e+00 -4.44444444e-05 -4.44444444e-08
6.50000000e+02 0.00000000e+00 -4.44444444e-05 -4.44444444e-08
7.00000000e+02 0.00000000e+00 -4.44444444e-05 -4.44444444e-08
1.00000000e+03 0.00000000e+00 -4.44444444e-05 -4.44444444e-08
1.00010000e+03 0.00000000e+00 -4.44400000e-05 -4.44400000e-08
1.30000000e+03 0.00000000e+00 -3.11111111e-05 -3.11111111e-08
2.50000000e+03 0.00000000e+00 0.00000000e+00 0.00000000e+00
5.50000000e+03 0.00000000e+00 0.00000000e+00 0.00000000e+00


# 5.22000000e+04
0.00000000e+00 0.00000000e+00 -7.22222222e-05 -8.33333333e-08
5.00000000e+01 0.00000000e+00 -7.22222222e-05 -8.33333333e-08
1.50000000e+02 0.00000000e+00 -7.22222222e-05 -8.33333333e-08
3.50000000e+02 0.00000000e+00 -7.22222222e-05 -8.33333333e-08
6.50000000e+02 0.00000000e+00 -7.22222222e-05 -8.33333333e-08
7.00000000e+02 0.00000000e+00 -7.22222222e-05 -8.33333333e-08
1.00000000e+03 0.00000000e+00 -7.22222222e-05 -8.33333333e-08
1.00010000e+03 0.00000000e+00 -7.22150000e-05 -8.33250000e-08
1.30000000e+03 0.00000000e+00 -5.05555556e-05 -5.83333333e-08
2.50000000e+03 0.00000000e+00 0.00000000e+00 0.00000000e+00
5.50000000e+03 0.00000000e+00 0.00000000e+00 0.00000000e+00
